162
434
160
273
34
292
34
72
424
272
374
330
148
476
316
298
335
269
344
234
24
447
169
419
119
400
118
476
493
127
461
155
413
474
281
448
118
167
20
394
439
246
224
88
74
393
238
409
162
82
144
186
29
313
458
0
65
76
329
59
56
142
66
469
468
347
417
438
14
289
333
306
388
409
246
462
154
484
372
316
66
368
3
447
33
313
299
99
241
128
10
297
271
76
119
239
424
388
178
290
30
363
448
418
124
194
380
279
178
104
95
96
472
450
395
6
115
195
457
357
175
467
6
446
395
125
38
171
14
68
314
44
283
262
462
407
457
194
38
487
299
134
436
123
436
331
129
52
378
438
261
54
257
267
0
5
393
390
176
259
458
490
303
241
105
117
149
62
311
187
401
462
173
337
86
462
169
67
366
47
358
127
101
115
394
454
120
139
344
149
398
303
491
53
396
96
170
397
10
334
437
412
148
462
249
234
424
270
154
290
318
12
269
271
479
16
77
452
155
422
101
406
77
92
311
325
41
334
223
51
168
160
463
168
474
213
403
399
335
57
41
153
421
163
277
400
179
354
352
186
128
305
92
57
250
404
383
291
238
106
342
258
118
306
426
92
371
181
343
206
90
385
212
11
48
341
264
79
195
468
265
176
274
210
233
24
466
116
315
204
74
157
314
192
315
92
285
186
274
480
245
216
365
309
80
265
150
344
196
197
312
462
373
438
172
107
462
490
75
129
194
150
139
360
342
454
452
479
493
78
460
90
295
177
399
375
295
49
71
491
246
235
305
472
174
329
431
136
319
6
266
365
8
257
225
351
211
30
182
56
108
494
146
255
24
45
482
319
94
53
162
193
141
468
165
315
149
96
451
469
454
69
334
463
178
412
314
390
442
348
298
402
195
445
158
219
342
492
38
289
398
52
482
39
20
499
354
22
95
157
491
49
79
177
12
257
89
178
499
383
379
298
286
74
95
296
293
437
140
183
226
38
235
60
77
108
59
283
130
6
441
473
408
372
150
272
129
92
303
129
475
34
279
113
108
374
261
253
311
402
436
390
292
23
302
222
131
214
5
113
220
298
86
480
170
237
253
152
181
408
133
156
442
412
122
402
138
383
155
301
137
91
43
282
466
346
4
98
60
361
63
132
160
150
113
182
239
218
186
420
478
171
428
420
83
50
322
73
286
329
375
423
272
418
205
238
264
61
188
176
423
252
309
435
402
274
117
493
344
156
413
322
327
341
94
263
392
268
336
178
97
63
453
369
482
11
459
98
72
148
127
495
400
288
430
154
62
400
147
258
408
60
432
235
401
26
350
145
294
39
175
243
102
481
112
436
492
71
387
64
71
14
412
471
154
194
125
68
446
124
326
354
184
258
442
438
284
144
435
430
183
111
25
138
92
137
426
436
60
313
352
484
179
264
455
333
311
433
253
257
57
79
464
94
337
258
32
473
402
319
255
86
430
280
76
374
269
2
310
182
168
15
166
347
279
473
33
442
406
286
200
316
218
16
410
407
274
294
233
176
113
488
114
396
121
190
122
242
45
285
276
213
300
442
412
431
268
445
374
26
84
426
342
302
442
104
209
216
250
442
244
216
283
359
112
256
401
86
498
298
371
275
11
23
69
424
455
337
221
181
364
157
459
58
459
401
15
21
469
265
315
213
481
450
424
445
206
178
384
57
476
255
184
340
131
105
116
438
295
337
119
11
495
78
69
306
331
84
179
300
202
495
365
35
445
142
481
4
172
365
413
0
472
97
340
455
54
456
393
349
146
364
360
493
294
282
299
125
218
479
277
420
326
495
456
271
489
289
127
161
154
40
161
478
489
354
434
44
310
179
393
308
44
254
301
338
388
101
316
106
432
93
27
258
440
335
381
429
124
9
90
130
401
104
108
391
458
394
435
120
74
180
429
470
286
82
308
174
183
476
281
467
70
160
225
10
495
107
292
119
468
382
101
369
338
61
112
148
456
399
269
382
80
50
352
366
132
12
393
168
489
174
135
411
186
213
273
181
320
65
152
140
300
253
9
138
314
122
287
122
373
408
4
453
310
208
172
294
73
65
314
414
91
450
177
277
163
450
310
335
368
314
475
168
67
336
158
233
310
297
208
184
57
64
137
219
273
161
14
198
226
328
464
169
130
141
298
145
443
108
480
311
274
307
331
193
144
342
427
306
491
135
490
401
51
480
120
176
141
134
374
220
315
190
241
297
331
40
443
127
0
423
290
275
83
474
468
79
316
247
385
159
234
376
60
286
208
181
462
349
